1	0	576.99	2016-08-01
2	0	96.99	2016-08-01
3	0	76.99	2016-08-01
4	0	208.99	2016-08-01
5	0	86.99	2016-08-01
6	0	65.99	2016-08-01
7	0	209.99	2016-08-01
8	0	176.99	2016-08-01
9	0	77.99	2016-08-01
10	0	155.99	2016-08-01
11	0	54.99	2016-08-01
12	0	64.99	2016-08-01
13	0	64.99	2016-08-01
14	0	83.99	2016-08-01
15	0	85.99	2016-08-01
16	0	55.99	2016-08-01
20	0	55.99	2016-08-01
1	0	576.99	2016-08-15
2	0	96.99	2016-08-15
3	0	76.99	2016-08-15
1	0	576.99	2016-08-22
2	0	96.99	2016-08-22
1	0	576.99	2016-09-01
1	0	576.99	2016-09-02
1	0	576.99	2016-09-03
1	0	576.99	2016-09-04
1	0	576.99	2016-09-05
1	0	576.99	2016-09-06
1	0	576.99	2016-09-07
1	0	576.99	2016-09-08
11	0	54.99	2016-09-01
12	0	64.99	2016-09-01
13	0	64.99	2016-09-01
14	0	83.99	2016-09-01
15	0	85.99	2016-09-01
16	0	55.99	2016-09-01
1	0	576.99	2016-09-15
2	0	96.99	2016-09-15
3	0	76.99	2016-09-15
1	0	576.99	2016-09-22
1	0	576.99	2016-07-01
2	0	96.99	2016-07-01
3	0	76.99	2016-07-01
4	0	208.99	2016-07-01
5	0	86.99	2016-07-01
6	0	65.99	2016-07-01
7	0	209.99	2016-07-01
8	0	176.99	2016-07-01
9	0	77.99	2016-07-01
10	0	155.99	2016-07-01
11	0	54.99	2016-07-01
12	0	64.99	2016-07-01
13	0	64.99	2016-07-01
14	0	83.99	2016-07-01
15	0	85.99	2016-07-01
16	0	55.99	2016-07-01